No Drug
0,55,72,39,16,62
20,58,71,45,17,67
40,58,77,51,21,77
60,61,76,51,23,85
80,74,84,56,27,95
100,76,93,56,27,103
120,83,99,55,31,109
140,77,93,55,37,117
160,82,103,56,41,127
180,85,101,57,41,128
200,88,97,57,41,130
220,88,110,61,44,133
240,96,115,60,50,136
260,97,114,63,51,143
280,98,109,69,48,146
300,101,105,73,53,147
320,92,111,71,59,149
340,105,116,70,61,152
360,105,117,72,65,154
380,103,125,71,64,158
400,96,123,75,62,160
420,94,125,78,60,162
440,102,127,75,61,165
460,108,131,74,65,166
480,108,130,78,64,168
500,97,124,76,66,169
520,108,127,76,61,170
540,102,122,77,64,172
560,100,128,80,64,173
580,110,119,78,60,174
600,105,129,87,61,176
620,104,133,86,62,178
640,102,134,82,64,179
660,112,135,90,64,180
680,108,129,85,65,183
700,116,125,85,69,185
720,111,124,87,66,186
740,103,125,89,66,188
760,106,124,89,65,189
780,109,127,88,66,189
800,97,126,86,71,192
820,97,124,86,68,195
840,104,129,85,69,195
860,106,126,83,69,198
880,107,141,86,68,199
900,108,137,87,68,201
920,105,133,93,66,202
940,107,135,82,67,204
960,109,127,84,67,208
980,106,129,82,60,213
1000,108,133,89,62,216
